354
8 46 51 59 IJB-951
8 47 11 59 QQG-621
8 48 52 46 DIY-028
8 50 34 58 INT-110
8 50 57 57 KEW-233
8 51 51 59 INA-116
8 52 42 52 VHL-889
8 53 37 53 VVB-169
8 54 2 58 RGR-182
8 55 8 58 UNQ-082
8 55 48 52 SCQ-959
8 56 3 60 YUF-441
8 56 50 51 AQA-368
8 57 7 42 WUQ-735
8 57 48 59 TYN-160
9 1 6 58 QER-980
9 1 52 53 YTA-637
9 1 55 60 MPD-234
9 2 21 59 SGL-513
9 3 36 50 DFG-426
9 5 11 60 RIY-194
9 6 7 53 UBN-461
9 6 32 58 PBC-898
9 7 55 59 JFH-943
9 9 7 57 WVU-002
9 9 26 60 UEU-103
9 10 1 59 QQG-621
9 11 10 48 GUA-243
9 11 47 52 QER-980
9 13 9 40 QER-980
9 14 25 50 SDK-827
9 15 1 56 DHI-578
9 15 21 47 HQC-126
9 16 27 52 ASW-950
9 17 10 55 GLQ-022
9 18 4 58 AI-KL-123
9 19 14 53 QCQ-423
9 19 32 50 BFG-043
9 20 15 60 RGR-182
9 21 14 58 FBK-874
9 22 40 57 FVJ-221
9 24 14 46 LDW-504
9 25 23 59 EWT-676
9 25 52 53 LHV-317
9 26 21 38 VOC-845
9 28 0 56 IJB-951
9 28 20 54 EIF-371
9 29 14 47 VIK-295
9 29 32 59 YWM-443
9 31 1 45 MOD-877
9 31 8 56 BEA-982
9 31 24 59 RWM-950
9 32 20 54 HXP-977
9 32 51 46 ATW-842
9 33 51 54 WUQ-735
9 34 35 59 UBN-461
9 35 37 47 VJQ-695
9 36 42 56 TLQ-242
9 37 48 60 ACB-934
9 38 3 47 WFY-141
9 39 15 53 WNJ-034
9 40 24 55 FEG-730
9 41 36 31 HXX-415
9 42 14 51 FAY-077
9 42 17 58 JWT-956
9 43 42 53 AE-HJ-648
9 44 57 60 XFK-775
9 45 59 59 UTS-462
9 46 43 60 JFH-943
9 47 15 53 AFU-528
9 48 28 42 SGL-513
9 49 8 52 TPN-508
9 49 41 54 BXG-799
9 50 32 49 CIP-846
9 51 4 56 XLJ-458
9 51 21 59 PII-701
9 52 12 55 PWO-469
9 53 16 57 BUO-221
9 54 12 59 BRG-090
9 55 48 58 YSM-794
9 56 31 51 NIC-750
9 57 4 45 GCR-944
9 57 47 58 SQP-538
9 58 0 56 KDX-256
9 58 53 58 UBY-779
9 59 41 49 FQP-857
10 0 30 57 YLJ-976
10 1 4 57 DML-248
10 1 50 57 PII-701
10 2 25 59 RWM-950
10 2 45 59 DMC-295
10 3 27 59 KXU-568
10 4 33 58 UEU-103
10 5 1 49 REN-176
10 6 14 56 APW-202
10 7 2 53 DAT-641
10 7 52 55 VRS-189
10 7 57 59 OBG-824
10 9 29 58 IDO-758
10 10 56 50 AA-AA-007
10 12 4 53 OPG-339
10 12 49 56 VVQ-246
10 14 21 56 XFJ-906
10 15 20 58 XLJ-458
10 16 24 60 FYT-466
10 16 56 48 KVH-454
10 17 20 55 JEQ-034
10 18 38 59 JFH-943
10 18 48 50 DPT-740
10 19 13 51 DIY-028
10 19 30 56 DPT-740
10 19 49 58 DMC-295
10 21 19 56 DML-248
10 22 24 55 MNB-920
10 22 30 59 VRS-189
10 22 50 59 NGG-341
10 24 24 56 YSM-794
10 25 46 59 GVR-032
10 25 56 48 KING-001
10 26 37 52 WFY-141
10 27 4 59 YOC-827
10 28 19 59 VLF-841
10 29 55 40 WUQ-735
10 30 53 57 NSO-173
10 30 58 57 ING-849
10 31 28 58 CIP-846
10 32 50 49 SAS-429
10 34 29 56 JEQ-034
10 35 26 60 NDA-733
10 35 43 60 HNX-418
10 36 47 37 AQA-368
10 37 12 59 KKY-942
10 38 33 51 ICS-806
10 39 2 55 ACB-934
10 39 57 43 JOO-301
10 40 28 55 EUB-598
10 40 51 52 EOW-381
10 41 46 57 MOM-555
10 42 54 57 GJK-057
10 43 24 55 INT-110
10 45 3 55 XFJ-906
10 45 45 51 VLF-841
10 46 50 54 XLJ-458
10 47 9 58 RNP-706
10 48 46 37 VIK-295
10 49 28 54 CCP-687
10 49 46 57 DAT-641
10 50 52 59 AGB-750
10 51 11 57 VQV-556
10 52 26 57 XQX-152
10 52 34 54 JMC-619
10 52 52 60 BYV-140
10 54 0 49 TQM-192
10 54 19 91 AQA-368
10 54 39 96 WVU-002
10 55 17 55 RXN-239
10 56 31 43 DWR-724
10 57 28 56 OOE-549
10 57 55 55 DCK-076
10 59 8 55 HYL-451
10 59 19 58 UEU-103
10 59 55 57 FOO-557
11 1 3 57 PBC-898
11 1 20 54 GEP-523
11 1 30 36 DHI-578
11 2 53 53 NEH-436
11 3 5 52 RCD-780
11 4 13 53 PKD-497
11 5 16 44 KON-519
11 5 19 53 GAD-742
11 6 14 59 PKP-137
11 7 1 60 PWO-469
11 7 8 56 YAW-627
11 8 23 44 GJK-057
11 9 28 58 JMC-619
11 9 57 57 VHL-889
11 10 48 59 FBK-874
11 12 7 58 LJQ-199
11 13 8 55 VHL-889
11 13 49 58 VWL-813
11 15 3 57 JOK-820
11 15 33 54 NVR-010
11 16 5 39 NCL-457
11 17 39 57 HYL-817
11 18 55 55 AFT-037
11 19 49 56 SVY-886
11 20 8 50 FGJ-209
11 20 30 56 VOC-845
11 21 28 56 CUT-883
11 23 4 55 RCD-780
11 23 23 56 STAR-023
11 23 59 59 FEG-730
11 25 39 58 UJL-903
11 26 16 55 NAB-061
11 27 5 60 DCL-244
11 27 12 54 YSM-794
11 28 12 57 GJN-451
11 29 46 60 HWY-482
11 30 19 49 FIJ-891
11 31 42 56 NCM-757
11 32 53 59 GRN-454
11 33 15 57 HYL-817
11 34 16 60 XVP-091
11 35 34 57 EXA-794
11 36 55 56 EIN-679
11 37 52 58 PLW-492
11 38 41 58 YVS-627
11 40 6 60 RNR-275
11 41 18 45 VXQ-745
11 41 57 55 JEQ-034
11 42 36 58 JGI-330
11 42 41 54 FYT-466
11 43 4 58 KKY-942
11 44 24 53 APW-202
11 44 35 48 HWY-482
11 46 5 58 NAG-334
11 46 33 55 VLF-841
11 46 40 55 GVR-032
11 47 5 60 HCU-064
11 48 34 55 FOU-938
11 49 7 55 WFN-107
11 49 35 58 YLJ-976
11 50 2 60 UJL-903
11 50 38 52 DCL-244
11 51 50 50 SBO-110
11 53 17 40 NCM-757
11 53 29 50 TQM-192
11 53 34 57 HQC-126
11 54 34 54 MOD-877
11 56 5 60 NJE-692
11 57 34 41 SQP-538
11 58 51 55 AMP-353
11 59 0 56 JGI-330
12 0 39 60 VNQ-226
12 2 0 54 MTT-013
12 2 20 57 ASW-950
12 3 14 60 BOND-007
12 4 42 55 NEH-436
12 5 58 55 PPQ-751
12 6 44 50 BXG-799
12 8 4 42 ORG-370
12 9 26 56 FIJ-891
12 9 30 58 JWT-956
12 10 58 58 SIH-494
12 11 18 53 SOQ-680
12 12 43 58 DQE-870
12 13 20 56 GAD-742
12 15 1 58 CBN-151
12 16 42 47 UXH-091
12 18 17 58 WFY-141
12 19 23 58 NVR-010
12 19 46 38 NVF-191
12 20 4 60 DPT-740
12 20 46 43 URK-232
12 21 12 51 GJN-451
12 22 6 45 YPH-288
12 22 46 58 HNX-418
12 24 9 53 MPD-234
12 25 3 54 FEG-730
12 25 17 50 KGJ-702
12 26 5 57 JFH-943
12 26 44 40 FYT-466
12 26 52 53 BUO-221
12 27 50 58 BUO-221
12 28 59 58 HAQ-394
12 29 36 47 FBK-874
12 30 41 53 JGD-441
12 31 5 53 DVY-898
12 31 47 50 EWT-676
12 32 56 60 URK-232
12 33 13 40 LAH-350
12 34 54 28 FHT-273
12 36 5 57 GLQ-022
12 37 41 59 SOQ-680
12 38 52 54 JDF-753
12 39 55 23 YWB-734
12 41 18 58 NCM-757
12 42 4 55 LHV-317
12 42 15 58 VWL-813
12 43 38 58 ICS-806
12 44 8 54 URK-232
12 44 48 41 KGJ-702
12 44 51 42 INT-110
12 45 52 54 DVY-898
12 46 9 60 UEU-103
12 46 27 52 INT-110
12 47 43 46 YSM-794
12 48 44 92 APQ-977
12 49 4 102 NVF-191
12 49 21 97 ATW-842
12 50 41 51 FXU-649
12 52 22 33 CFY-385
12 52 56 52 WXU-851
12 53 26 56 DUK-059
12 54 23 58 MTT-013
12 54 43 59 SAS-429
12 56 0 52 QXP-468
12 56 8 49 GLQ-022
12 56 48 57 HNX-418
12 57 12 60 JFH-943
12 57 40 53 PNW-239
12 58 7 53 CIP-846
12 59 22 59 EJF-151
12 59 40 57 NCM-757
13 1 5 48 YJV-493
13 1 45 47 FGJ-209
13 3 0 59 GJN-451
13 3 41 56 FEG-730
13 4 53 59 JFH-943
13 4 59 59 UXH-091
13 6 13 50 SIH-494
13 7 24 47 CNU-535
13 8 27 50 AQA-368
13 10 5 45 PII-701
13 11 36 58 FAY-077
13 11 45 55 KEW-233
13 12 28 51 GRN-454
13 14 8 57 GRN-454
13 14 32 55 BFG-043
13 15 1 58 UNQ-082
13 15 24 52 NSO-173
13 16 28 54 GYE-142
13 17 42 56 PNW-239
13 19 23 55 IBS-338
13 19 48 60 KHO-717
13 21 26 49 RNR-275
13 22 23 59 FYT-466
13 22 51 7 FHT-273
13 24 2 56 YPH-288
13 24 59 44 WFY-141
13 26 9 58 WFN-107
13 27 51 56 QGE-314
13 29 26 43 PII-701
13 30 5 48 INT-110
13 30 11 57 FGJ-209
13 30 50 54 UBN-461
13 31 57 39 DHI-578
13 33 28 57 GUA-243
13 33 42 58 DIY-028
13 34 49 54 FGJ-209
13 34 56 44 FQP-857
13 35 10 57 JOK-820
13 36 49 46 REL-715
13 37 56 56 CPP-183
13 38 17 60 ACB-934
13 39 16 58 BCQ-115
13 40 44 59 IMX-557
13 42 19 59 AFT-037
13 43 47 56 YJG-762
13 45 29 52 MOE-601
13 46 35 56 KDX-256
13 48 1 53 YSM-794
13 48 8 58 KGJ-702
13 48 51 43 NSP-778