100
1985 4 12 2009 2014
1985 7 21 2006 2010
1975 2 8 2007 2016
1961 6 24 2007 2012
1972 5 9 2008 2012
1953 4 24 2009 2018
1965 11 18 2007 2016
1985 3 23 2008 2017
1961 11 2 2006 2015
1968 8 12 2008 2017
1952 3 21 2006 2013
1974 6 6 2009 2015
1969 5 13 2007 2016
1984 11 5 2005 2012
1974 2 2 2005 2009
1979 1 15 2009 2013
1964 1 13 2007 2011
1955 3 9 2007 2013
1958 2 10 2009 2020
1975 8 17 2005 2011
1975 8 5 2007 2015
1978 3 24 2007 2012
1980 6 8 2009 2020
1970 10 12 2005 2012
1963 1 7 2009 2016
1965 1 14 2005 2011
1959 1 8 2007 2018
1973 2 15 2007 2011
1967 6 13 2005 2009
1961 11 6 2006 2015
1962 8 9 2006 2012
1959 4 5 2009 2018
1984 1 7 2005 2016
1958 7 9 2006 2010
1977 6 17 2008 2014
1973 4 13 2009 2017
1951 10 6 2008 2017
1985 7 6 2009 2014
1959 6 16 2006 2011
1961 6 17 2005 2012
1972 5 24 2006 2014
1977 5 4 2005 2015
1981 3 23 2009 2018
1989 8 10 2006 2015
1977 7 4 2008 2016
1957 7 13 2005 2013
1965 8 17 2006 2013
1985 9 17 2009 2017
1977 7 24 2009 2019
1965 4 21 2007 2018
1959 1 18 2007 2018
1979 3 24 2008 2017
1986 1 17 2009 2015
1959 2 4 2009 2014
1978 10 15 2005 2012
1958 5 17 2009 2016
1985 7 2 2005 2012
1989 2 7 2006 2015
1967 10 22 2007 2017
1982 6 6 2009 2013
1980 7 24 2007 2011
1964 1 21 2006 2016
1986 9 23 2009 2018
1978 2 11 2008 2013
1965 7 4 2009 2020
1983 7 15 2008 2016
1971 9 18 2009 2013
1970 7 16 2009 2013
1989 10 3 2006 2015
1957 3 1 2008 2018
1972 10 10 2009 2019
1979 6 11 2009 2013
1958 9 10 2008 2012
1952 5 16 2005 2014
1986 8 10 2009 2015
1976 3 13 2005 2013
1966 9 5 2006 2017
1959 10 12 2009 2013
1969 3 23 2005 2010
1971 6 11 2008 2012
1976 10 18 2008 2014
1959 1 24 2009 2017
1978 5 14 2005 2013
1964 9 16 2005 2013
1980 8 9 2006 2016
1980 5 7 2009 2019
1960 5 22 2008 2015
1985 1 9 2009 2018
1970 8 14 2008 2015
1989 6 17 2008 2015
1971 10 1 2007 2013
1966 6 16 2005 2015
1986 9 1 2009 2015
1985 2 22 2008 2018
1988 9 7 2008 2012
1966 3 4 2008 2012
1984 10 22 2008 2012
1980 5 9 2008 2016
1954 3 2 2007 2016
1986 6 16 2007 2016
