240 
87 15
371 77
338 143
87 38
292 112
278 43
396 51
485 213
179 34
386 110
498 89
405 126
109 19
47 17
490 177
414 74
337 99
129 25
228 80
315 108
97 26
499 80
405 107
194 74
410 197
391 89
349 158
377 70
379 150
112 36
376 136
290 47
92 41
74 33
254 107
49 19
83 38
57 10
189 89
466 198
168 54
47 19
376 79
340 65
104 37
128 37
324 145
279 33
188 37
265 49
56 16
52 5
439 84
72 9
187 68
390 187
138 33
296 74
288 109
499 178
174 64
119 36
55 6
217 91
476 232
164 19
56 20
61 8
276 75
467 125
460 197
83 39
115 46
147 62
494 66
177 41
179 40
50 21
264 60
500 239
331 49
36 4
389 63
52 24
424 68
134 38
241 98
245 78
406 165
236 88
438 103
308 138
200 25
193 70
55 14
301 42
45 20
148 67
175 85
267 127
398 43
494 62
134 27
176 30
307 50
448 48
141 60
92 19
413 199
51 23
245 31
223 70
470 48
337 70
55 12
38 8
94 43
90 16
395 58
155 46
281 47
254 26
129 48
168 58
52 16
456 73
486 210
454 71
119 36
235 47
337 104
382 168
32 7
373 119
304 57
365 84
421 141
250 85
354 110
56 18
382 89
493 160
429 54
105 29
248 64
357 52
438 204
119 59
283 93
324 118
102 17
450 180
425 112
195 25
185 47
474 207
262 76
210 54
375 130
84 36
279 54
410 180
349 56
219 59
91 26
227 36
292 67
250 64
136 43
89 22
389 62
466 135
249 35
162 71
119 44
332 151
492 112
233 88
426 137
352 175
39 14
118 43
163 49
414 54
382 158
255 50
164 57
213 78
268 28
346 72
168 42
69 9
132 28
320 93
452 110
148 68
382 140
255 71
72 15
349 115
178 27
199 26
105 50
422 81
450 103
341 54
149 57
290 113
424 205
251 98
457 117
482 115
462 119
385 62
406 176
254 71
97 36
79 32
188 51
231 30
376 95
487 59
404 62
495 66
291 57
35 14
157 63
228 42
166 30
115 30
280 126
491 243
195 93
311 90
228 54
329 105
157 20
339 56
266 70
63 13
