100 1000 
91 1 1
92 1 1
50 1 2
50 1 8
53 1 9
2 1 10
3 1 10
89 1 12
3 1 17
64 1 18
82 1 19
46 1 20
53 1 20
100 1 25
42 1 27
46 1 28
21 1 30
13 1 34
98 1 34
12 1 36
33 1 36
48 1 36
95 1 36
38 1 38
37 1 39
86 1 39
67 1 40
51 1 41
60 1 42
55 1 44
10 1 45
89 1 45
81 1 51
21 1 52
93 1 52
1 1 55
3 1 55
22 1 55
34 1 55
64 1 56
51 1 57
59 1 57
16 2 2
43 2 3
4 2 5
9 2 5
46 2 5
52 2 5
94 2 5
12 2 6
33 2 8
9 2 10
56 2 11
42 2 12
45 2 15
71 2 15
8 2 16
33 2 16
58 2 16
64 2 16
12 2 17
83 2 17
88 2 19
52 2 20
88 2 20
2 2 23
72 2 23
8 2 25
75 2 26
95 2 26
34 2 29
20 2 31
27 2 31
58 2 32
66 2 35
10 2 36
59 2 36
8 2 37
59 2 37
1 2 41
20 2 43
25 2 43
33 2 46
80 2 47
12 2 48
95 2 48
41 2 50
93 2 51
96 2 53
35 2 54
26 2 57
16 2 58
23 2 58
94 3 2
67 3 3
80 3 3
81 3 15
84 3 17
93 3 17
20 3 19
13 3 20
68 3 26
56 3 27
93 3 27
37 3 31
81 3 32
14 3 33
14 3 34
38 3 35
68 3 35
9 3 36
65 3 36
86 3 37
89 3 37
44 3 38
49 3 38
8 3 39
98 3 42
21 3 43
47 3 44
54 3 45
92 3 45
19 3 47
95 3 48
20 3 49
63 3 50
95 3 51
59 3 52
72 3 52
82 3 52
83 3 55
50 3 56
28 3 57
30 3 57
48 3 57
27 3 58
29 3 58
72 3 58
76 3 58
43 4 1
52 4 2
55 4 3
92 4 4
84 4 7
91 4 8
80 4 11
51 4 13
57 4 13
99 4 13
51 4 17
67 4 19
29 4 20
65 4 20
80 4 21
93 4 21
50 4 23
89 4 24
49 4 26
20 4 27
22 4 27
10 4 28
38 4 30
58 4 30
3 4 32
54 4 34
54 4 34
56 4 34
60 4 34
99 4 34
76 4 36
75 4 38
89 4 40
91 4 41
6 4 42
61 4 42
38 4 44
94 4 44
45 4 46
21 4 47
22 4 48
52 4 48
44 4 50
55 4 50
85 4 50
28 4 51
15 4 53
35 4 54
40 4 57
97 5 1
59 5 4
81 5 6
9 5 9
37 5 10
26 5 12
11 5 13
50 5 15
2 5 16
40 5 18
57 5 18
30 5 19
16 5 20
39 5 20
45 5 21
99 5 22
99 5 23
5 5 24
90 5 25
46 5 26
85 5 26
89 5 26
94 5 29
95 5 29
80 5 33
71 5 34
2 5 35
80 5 35
36 5 41
37 5 41
77 5 41
4 5 42
7 5 42
45 5 42
21 5 43
47 5 43
54 5 46
11 5 47
35 5 47
37 5 48
61 5 48
70 5 48
42 5 49
99 5 51
69 5 52
92 5 55
39 5 56
40 5 56
40 5 56
42 5 58
56 6 1
99 6 1
32 6 2
57 6 2
59 6 3
21 6 4
62 6 4
55 6 6
30 6 7
63 6 7
91 6 7
63 6 11
14 6 12
1 6 13
91 6 14
77 6 16
52 6 17
76 6 18
90 6 18
59 6 19
88 6 20
50 6 22
52 6 22
90 6 24
16 6 27
7 6 29
22 6 30
80 6 30
99 6 30
28 6 33
90 6 33
24 6 36
4 6 38
14 6 38
50 6 38
58 6 39
87 6 40
56 6 41
81 6 43
11 6 48
64 6 48
61 6 49
70 6 50
85 6 50
46 6 52
96 6 54
94 7 1
7 7 4
49 7 4
73 7 5
26 7 8
88 7 8
22 7 12
34 7 12
81 7 12
66 7 15
71 7 15
99 7 15
9 7 16
11 7 16
16 7 17
43 7 17
67 7 18
76 7 18
41 7 20
19 7 21
35 7 22
65 7 23
23 7 24
28 7 25
79 7 27
89 7 28
60 7 30
77 7 30
25 7 32
88 7 32
67 7 35
96 7 35
60 7 36
91 7 38
8 7 40
42 7 41
78 7 41
10 7 43
31 7 43
91 7 44
78 7 46
94 7 48
7 7 49
9 7 49
11 7 49
53 7 49
16 7 51
82 7 53
79 7 54
80 7 55
66 7 56
87 7 58
96 7 58
90 8 1
31 8 3
90 8 7
95 8 8
40 8 11
8 8 14
25 8 15
56 8 15
58 8 15
47 8 16
47 8 17
23 8 18
96 8 18
86 8 19
37 8 20
5 8 22
12 8 23
87 8 24
30 8 25
23 8 26
14 8 28
35 8 28
43 8 28
53 8 28
43 8 30
17 8 33
3 8 35
12 8 35
82 8 38
41 8 39
90 8 40
26 8 43
68 8 43
72 8 43
86 8 44
24 8 47
89 8 47
45 8 48
74 8 48
6 8 52
93 8 54
12 8 55
98 8 55
18 8 56
19 8 56
88 8 58
97 8 58
85 9 1
99 9 1
65 9 2
73 9 2
68 9 3
97 9 4
69 9 6
7 9 8
60 9 8
70 9 8
31 9 9
90 9 9
99 9 10
16 9 11
20 9 12
67 9 12
73 9 12
60 9 14
98 9 14
12 9 17
66 9 17
33 9 18
59 9 18
21 9 21
35 9 21
44 9 22
70 9 24
46 9 27
69 9 27
96 9 29
9 9 32
20 9 32
50 9 33
80 9 34
93 9 34
25 9 35
54 9 36
12 9 37
63 9 40
64 9 41
13 9 43
93 9 44
56 9 45
39 9 46
94 9 46
96 9 46
10 9 52
45 9 53
37 10 1
83 10 2
75 10 3
36 10 5
8 10 6
12 10 7
75 10 8
99 10 8
23 10 13
25 10 14
12 10 15
21 10 16
46 10 16
3 10 19
48 10 19
32 10 20
9 10 22
29 10 24
36 10 25
19 10 26
23 10 28
27 10 28
89 10 28
24 10 30
44 10 30
100 10 31
42 10 32
76 10 32
42 10 35
81 10 35
93 10 36
6 10 37
89 10 37
34 10 39
55 10 39
85 10 42
7 10 43
54 10 43
76 10 46
78 10 47
97 10 47
70 10 49
12 10 51
43 10 51
44 10 51
47 10 51
96 10 52
52 10 55
74 10 55
76 10 55
35 10 57
72 10 58
1 11 1
44 11 1
26 11 3
74 11 3
85 11 3
95 11 4
78 11 6
88 11 6
97 11 6
74 11 9
62 11 12
62 11 13
20 11 16
81 11 16
92 11 16
3 11 20
8 11 21
14 11 22
88 11 23
77 11 24
24 11 27
84 11 28
29 11 29
58 11 30
58 11 31
89 11 31
49 11 33
18 11 34
84 11 34
36 11 36
87 11 36
24 11 38
62 11 38
83 11 38
34 11 40
97 11 40
65 11 41
20 11 43
26 11 43
57 11 43
78 11 44
42 11 45
41 11 46
91 11 47
63 11 48
67 11 48
2 11 51
21 11 52
48 11 54
47 11 56
93 11 57
94 11 58
97 11 58
77 12 1
30 12 2
90 12 2
61 12 3
44 12 5
74 12 7
5 12 8
63 12 9
23 12 10
97 12 11
10 12 13
20 12 14
86 12 15
94 12 15
48 12 16
68 12 17
80 12 17
43 12 18
17 12 19
79 12 19
32 12 20
35 12 21
18 12 23
21 12 25
98 12 26
4 12 27
95 12 30
73 12 32
18 12 33
24 12 33
16 12 36
50 12 37
90 12 37
14 12 38
59 12 39
99 12 39
12 12 42
20 12 43
91 12 47
74 12 49
69 12 50
54 12 54
66 12 54
81 12 54
3 12 57
18 12 57
14 13 2
48 13 2
95 13 2
15 13 5
39 13 6
35 13 9
18 13 10
80 13 11
7 13 12
23 13 14
35 13 14
90 13 14
48 13 15
100 13 17
2 13 18
59 13 22
33 13 23
71 13 23
52 13 26
63 13 26
96 13 28
79 13 29
100 13 31
2 13 34
8 13 34
29 13 37
67 13 38
22 13 40
16 13 41
24 13 42
87 13 44
97 13 45
30 13 46
42 13 46
23 13 47
79 13 50
3 13 53
1 13 54
2 13 55
7 13 55
50 13 58
92 13 58
44 14 2
75 14 2
33 14 6
16 14 8
45 14 9
41 14 11
69 14 11
49 14 14
83 14 15
11 14 17
5 14 19
36 14 21
69 14 21
60 14 24
81 14 25
37 14 30
14 14 33
21 14 33
35 14 35
22 14 37
40 14 37
67 14 37
74 14 37
40 14 38
83 14 39
24 14 40
32 14 40
45 14 42
62 14 42
26 14 44
94 14 46
69 14 48
30 14 51
93 14 51
12 14 53
2 14 56
92 14 56
52 14 57
68 14 58
37 15 4
42 15 4
84 15 4
50 15 7
30 15 9
58 15 9
90 15 17
45 15 18
64 15 18
84 15 22
71 15 23
56 15 24
74 15 27
35 15 28
97 15 28
38 15 31
8 15 32
89 15 34
15 15 35
66 15 35
48 15 36
48 15 36
66 15 36
5 15 40
21 15 40
25 15 40
6 15 41
100 15 41
32 15 42
100 15 43
31 15 44
79 15 44
12 15 45
77 15 45
33 15 48
10 15 49
12 15 50
38 15 51
98 15 52
81 15 53
43 15 54
67 15 55
71 15 56
85 16 1
56 16 2
42 16 6
4 16 7
99 16 7
56 16 8
75 16 9
47 16 11
91 16 11
4 16 12
15 16 14
19 16 15
73 16 17
93 16 17
1 16 20
72 16 21
75 16 26
31 16 27
54 16 27
59 16 28
5 16 29
33 16 29
82 16 29
76 16 30
98 16 30
13 16 32
20 16 34
49 16 35
83 16 35
44 16 36
88 16 37
1 16 38
10 16 39
53 16 42
63 16 42
5 16 44
78 16 44
65 16 46
74 16 46
36 16 47
4 16 48
50 16 49
80 16 53
52 17 3
97 17 4
79 17 5
78 17 7
85 17 8
52 17 10
100 17 10
99 17 13
40 17 14
100 17 14
57 17 15
61 17 17
39 17 18
98 17 20
38 17 21
85 17 23
1 17 31
39 17 31
40 17 31
71 17 31
88 17 31
80 17 36
61 17 41
40 17 42
81 17 43
27 17 44
95 17 44
46 17 46
56 17 51
19 17 53
83 17 54
43 18 1
15 18 6
30 18 6
98 18 9
20 18 10
87 18 10
82 18 12
32 18 14
18 18 16
68 18 18
8 18 19
25 18 19
14 18 21
87 18 22
4 18 23
60 18 24
39 18 26
8 18 27
48 18 27
99 18 28
25 18 29
65 18 29
10 18 30
17 18 30
63 18 30
65 18 31
77 18 32
3 18 34
32 18 34
63 18 35
93 18 35
55 18 36
55 18 36
82 18 36
15 18 37
18 18 37
42 18 39
46 18 42
57 18 43
20 18 44
60 18 44
61 18 47
90 18 47
91 18 47
87 18 50
1 18 51
16 18 51
2 18 53
62 18 53
84 18 55
12 19 4
68 19 4
50 19 5
80 19 5
97 19 5
32 19 7
20 19 8
52 19 8
95 19 9
83 19 10
97 19 11
13 19 12
9 19 14
46 19 15
100 19 20
90 19 21
49 19 24
63 19 24
35 19 27
81 19 28
56 19 29
13 19 30
23 19 30
60 19 31
61 19 34
85 19 34
94 19 34
59 19 35
23 19 36
3 19 37
95 19 38
90 19 41
1 19 42
19 19 42
90 19 42
37 19 45
31 19 46
70 19 50
69 19 51
12 19 52
23 19 52
70 19 54
96 19 54
15 19 57
80 19 57
83 19 57
46 19 58
24 20 2
85 20 2
92 20 3
54 20 6
46 20 8
66 20 10
82 20 11
98 20 11
16 20 12
100 20 13
69 20 14
27 20 16
36 20 16
66 20 16
27 20 17
71 20 18
69 20 19
48 20 24
77 20 25
67 20 26
76 20 26
36 20 27
15 20 28
18 20 28
67 20 28
89 20 30
20 20 33
61 20 33
77 20 34
40 20 35
83 20 39
18 20 40
19 20 40
79 20 40
91 20 40
64 20 42
19 20 47
30 20 47
74 20 47
20 20 48
26 20 50
65 20 51
45 20 53
73 20 53
46 20 54
42 20 56
45 20 58
66 20 58
4 21 1
19 21 3
54 21 3
60 21 3
63 21 6
69 21 7
19 21 9
86 21 9
21 21 15
11 21 17
64 21 18
32 21 21
88 21 21
39 21 22
6 21 23
72 21 23
74 21 24
4 21 28
22 21 28
87 21 29
93 21 30
100 21 32
65 21 33
98 21 34
94 21 35
6 21 36
21 21 37
35 21 38
60 21 38
39 21 40
43 21 40
92 21 41
99 21 41
20 21 43
94 21 43
61 21 44
57 21 46
71 21 48
92 21 50
52 21 53
80 21 56
88 21 57
81 21 58
62 22 1
89 22 1
31 22 3
29 22 11
42 22 13
86 22 13
67 22 15
85 22 20
92 22 22
20 22 24
85 22 25
35 22 26
8 22 27
35 22 27
73 22 27
64 22 30
82 22 32
25 22 34
81 22 38
49 22 39
5 22 41
2 22 42
68 22 44
60 22 47
60 22 47
50 22 50
27 22 53
98 22 53
11 22 54
59 22 58
90 22 58
